304103478 87
304113238 75
304121319 77
304130512 63
304134993 83
304147819 84.5
304173563 82.5
304175674 81
304183886 92.5
304197080 82
304199458 83
304214662 76
304228746 76.5
304230021 84.5
304251856 88
304261348 64.5
304269514 92.5
304284259 75.5
304289166 78.5
304294646 82.5
304297647 75.5
304308834 90
304310322 84.7
304310322 84.7
304352772 78.5
304359177 83
304367391 80.5
304370678 89.5
304412224 90.5
304424356 79.5
304430828 75
304432271 88.5
304454948 75.5
304462493 68.8
304476569 78
304476569 78
