304352772 78.5
304197080 82.0
304261348 64.5
304230021 84.5
304147819 84.5
304308834 90.0
304310322 84.5
304476569 78.0
304412224 90.5
304214662 76.0
304294646 82.5
304297647 75.5
304359177 83.0
304367391 80.5
304462493 68.5
304134993 83.0
304173563 82.5
304370678 89.5
304199458 83.0
304121319 77.0
304458082 84.0
304289166 78.5
304113238 75.0
304251856 88.0
304284259 75.5
304269514 92.5
304183886 92.5
304424356 79.5
304103478 87.0
304432271 88.5
304130512 63.0
304454948 75.5
304175674 81.0
304228746 76.5
304430828 75.0
304307100 86.5